Accuracy: 0.30786516853932583
Precision: 0.4035736882295189
Recall: 0.30786516853932583
F1 Score: 0.31491520432802256