Accuracy: 0.41935483870967744
Precision: 0.5215053763440859
Recall: 0.41935483870967744
F1 Score: 0.45717234262125905