Accuracy: 0.02901023890784983
Precision: 1.0
Recall: 0.02901023890784983
F1 Score: 0.05638474295190713