Accuracy: 0.06451612903225806
Precision: 1.0
Recall: 0.06451612903225806
F1 Score: 0.12121212121212122