Accuracy: 0.9939024390243902
Precision: 0.9979725356955063
Recall: 0.9939024390243902
F1 Score: 0.9958286209116578