Accuracy: 0.9512195121951219
Precision: 0.9764227642276422
Recall: 0.9512195121951219
F1 Score: 0.9600736592882106
