Accuracy: 0.40080160320641284
Precision: 0.9980152612918144
Recall: 0.40080160320641284
F1 Score: 0.4150221768588938