Accuracy: 0.5
Precision: 0.9653846153846154
Recall: 0.5
F1 Score: 0.515114709851552