Accuracy: 0.9174664107485605
Precision: 0.8439723358547148
Recall: 0.9174664107485605
F1 Score: 0.8790299099309462