Accuracy: 0.7941176470588235
Precision: 0.6554621848739496
Recall: 0.7941176470588235
F1 Score: 0.7164705882352941