Accuracy: 0.4411764705882353
Precision: 0.33710407239819007
Recall: 0.4411764705882353
F1 Score: 0.33998757874190394