Accuracy: 0.4153543307086614
Precision: 0.30743337533936077
Recall: 0.4153543307086614
F1 Score: 0.31207976345271593