Accuracy: 0.43478260869565216
Precision: 0.5056935817805384
Recall: 0.43478260869565216
F1 Score: 0.4647611259305412