Accuracy: 0.38362068965517243
Precision: 0.5242610837438424
Recall: 0.38362068965517243
F1 Score: 0.4006802355233451