Accuracy: 0.43478260869565216 + 0.5 + 0.3103448275862069 + 0.7941176470588235 + 0.4411764705882353 + 0.8717948717948718 + 0.41935483870967744 + 0.06451612903225806
Precision: 0.5056935817805384 + 0.9653846153846154 + 0.3448275862068966 + 0.6554621848739496 + 0.31815126050420167 + 0.9529914529914532 + 0.5215053763440859 + 1.0
Recall: 0.43478260869565216 + 0.5 + 0.3103448275862069 + 0.7941176470588235 + 0.4411764705882353 + 0.8717948717948718 + 0.41935483870967744 + 0.06451612903225806
F1 Score: 0.4647611259305412 + 0.515114709851552 + 0.3256704980842912 + 0.7164705882352941 + 0.35 + 0.9028749028749028 + 0.45717234262125905 + 0.12121212121212122

Accuracy: 3.83605 / 8
Precision: 5.26399 / 8
Recall: 3.83605 / 8
F1 Score: 3.85326 / 8 

Accuracy: 0.47950625
Precision: 0.65799875
Recall: 0.47950625
F1 Score: 0.4816575