Accuracy: 0.38362068965517243 + 0.40080160320641284 + 0.3923444976076555 + 0.9174664107485605 + 0.374749498997996 + 0.9817444219066938 + 0.30786516853932583 + 0.02901023890784983
Precision: 0.5242610837438424 + 0.9980152612918144 + 0.4184625726600499 + 0.8439723358547148 + 0.25873174921271114 + 0.9940034889216043 + 0.4035736882295189 + 1.0
Recall: 0.38362068965517243 + 0.40080160320641284 + 0.3923444976076555 + 0.9174664107485605 + 0.374749498997996 + 0.9817444219066938 + 0.30786516853932583 + 0.02901023890784983
F1 Score: 0.4006802355233451 + 0.4150221768588938 + 0.4049193463741069 + 0.8790299099309462 + 0.2751872914185369 + 0.9875000467680598 + 0.31491520432802256 + 0.05638474295190713

Accuracy: 3.78757 / 8
Precision: 5.441 / 8
Recall: 3.78757 / 8
F1 Score: 3.7336 / 8 

Accuracy: 0.47344625 
Precision: 0.68012
Recall: 0.47344625
F1 Score: 0.4667