Accuracy: 0.9090909090909091
Precision: 0.9090909090909091
Recall: 0.9090909090909091
F1 Score: 0.9090909090909091