Accuracy: 0.9957716701902748
Precision: 0.9957716701902748
Recall: 0.9957716701902748
F1 Score: 0.9957716701902748