Accuracy: 0.3103448275862069
Precision: 0.3448275862068966
Recall: 0.3103448275862069
F1 Score: 0.3256704980842912