Accuracy: 0.3923444976076555
Precision: 0.4184625726600499
Recall: 0.3923444976076555
F1 Score: 0.4049193463741069