Accuracy: 0.9136276391554703
Precision: 1.0
Recall: 0.9136276391554703
F1 Score: 0.9491324831389923