Accuracy: 0.9259259259259259
Precision: 1.0
Recall: 0.9259259259259259
F1 Score: 0.95679012345679