Accuracy: 0.8648648648648649
Precision: 0.9754299754299754
Recall: 0.8648648648648649
F1 Score: 0.8932983564562512