Accuracy: 0.8900414937759336
Precision: 0.9923159674197018
Recall: 0.8900414937759336
F1 Score: 0.8951550844161575