Accuracy: 0.974308300395257
Precision: 0.9804036670616585
Recall: 0.974308300395257
F1 Score: 0.9735888564679976