Accuracy: 0.918918918918919
Precision: 0.9488943488943489
Recall: 0.918918918918919
F1 Score: 0.9276667972320146