Accuracy: 0.7222222222222222
Precision: 1.0
Recall: 0.7222222222222222
F1 Score: 0.8028337403337402