Accuracy: 0.7268817204301076
Precision: 1.0
Recall: 0.7268817204301076
F1 Score: 0.7900492969009472