Accuracy: 0.7268817204301076 + 0.5009671179883946 + 0.9738095238095238 + 0.9939024390243902 + 0.4153543307086614 + 0.8900414937759336 + 0.9652777777777778 + 1.0
Precision: 1.0 + 1.0 + 1.0 + 0.9979725356955063 + 0.30743337533936077 + 0.9923159674197018 + 0.9756235827664399 + 1.0
Recall: 0.7268817204301076 + 0.5009671179883946 + 0.9738095238095238 + 0.9939024390243902 + 0.4153543307086614 + 0.8900414937759336 + 0.9652777777777778 + 1.0
F1 Score: 0.7900492969009472 + 0.5189179410823372 + 0.9863398692810458 + 0.9958286209116578 + 0.31207976345271593 + 0.8951550844161575 + 0.96919810468969 + 1.0

Accuracy: 6.4662 / 8
Precision: 7.27333 / 8
Recall: 6.4662 / 8
F1 Score: 6.46751 / 8

Accuracy: 0.808275
Precision: 0.90916625
Recall: 0.808275
F1 Score: 0.80843875