Accuracy: 0.7222222222222222 + 0.64 + 0.9642857142857143 + 0.9512195121951219 + 0.4411764705882353 + 0.8648648648648649 + 0.9032258064516129 + 1.0
Precision: 1.0 + 1.0 + 1.0 + 0.9764227642276422 + 0.33710407239819007 + 0.9754299754299754 + 0.9447004608294931 + 1.0
Recall: 0.7222222222222222 + 0.64 + 0.9642857142857143 + 0.9512195121951219 + 0.4411764705882353 + 0.8648648648648649 + 0.9032258064516129 + 1.0
F1 Score: 0.8028337403337402 + 0.6953846153846155 + 0.9807692307692307 + 0.9600736592882106 + 0.33998757874190394 + 0.8932983564562512 + 0.9165632754342431 + 1.0

Accuracy: 6.48696 / 8
Precision: 7.23364 / 8
Recall: 6.48696 / 8
F1 Score: 6.58887 / 8

Accuracy: 0.81087
Precision: 0.904205
Recall: 0.81087
F1 Score: 0.82360875