Accuracy: 0.9652777777777778
Precision: 0.9756235827664399
Recall: 0.9652777777777778
F1 Score: 0.96919810468969