Accuracy: 0.9032258064516129
Precision: 0.9447004608294931
Recall: 0.9032258064516129
F1 Score: 0.9165632754342431