Accuracy: 0.9938144329896907
Precision: 0.9941754952729346
Recall: 0.9938144329896907
F1 Score: 0.9938544467225006