Accuracy: 0.9487179487179487
Precision: 0.9615384615384616
Recall: 0.9487179487179487
F1 Score: 0.9511599511599511