Accuracy: 0.4411764705882353
Precision: 0.31815126050420167
Recall: 0.4411764705882353
F1 Score: 0.35