Accuracy: 0.374749498997996
Precision: 0.25873174921271114
Recall: 0.374749498997996
F1 Score: 0.2751872914185369