Accuracy: 0.8717948717948718
Precision: 0.9529914529914532
Recall: 0.8717948717948718
F1 Score: 0.9028749028749028