Accuracy: 0.9817444219066938
Precision: 0.9940034889216043
Recall: 0.9817444219066938
F1 Score: 0.9875000467680598