Accuracy: 0.5009671179883946
Precision: 1.0
Recall: 0.5009671179883946
F1 Score: 0.5189179410823372