Accuracy: 0.918918918918919
Precision: 0.9819819819819818
Recall: 0.918918918918919
F1 Score: 0.9444658944658945