Accuracy: 0.9669211195928753
Precision: 0.9915182357930449
Recall: 0.9669211195928753
F1 Score: 0.9774425735460257