Accuracy: 0.9669211195928753 + 0.9136276391554703 + 1.0 + 0.9938144329896907 + 0.9880478087649402 + 0.974308300395257 + 0.9957716701902748 + 1.0
Precision: 0.9915182357930449 + 1.0 + 1.0 + 0.9941754952729346 + 0.9918221849444327 + 0.9804036670616585 + 0.9957716701902748 + 1.0
Recall: 0.9669211195928753 + 0.9136276391554703 + 1.0 + 0.9938144329896907 + 0.9880478087649402 + 0.974308300395257 + 0.9957716701902748 + 1.0
F1 Score: 0.9774425735460257 + 0.9491324831389923 + 1.0 + 0.9938544467225006 + 0.9891224742971846 + 0.9735888564679976 + 0.9957716701902748 + 1.0

Accuracy: 7.83246 / 8
Precision: 7.95367 / 8
Recall: 7.83246 / 8
F1 Score: 7.87889 / 8

Accuracy: 0.9790575
Precision: 0.99420875
Recall: 0.9790575
F1 Score: 0.98486125