Accuracy: 0.918918918918919 + 0.9259259259259259 + 1.0 + 0.9487179487179487 + 0.95 + 0.918918918918919 + 0.9090909090909091 + 1.0
Precision: 0.9819819819819818 + 1.0 + 1.0 + 0.9615384615384616 + 0.975 + 0.9488943488943489 + 0.9090909090909091 + 1.0
Recall: 0.918918918918919 + 0.9259259259259259 + 1.0 + 0.9487179487179487 + 0.95 + 0.918918918918919 + 0.9090909090909091 + 1.0
F1 Score: 0.9444658944658945 + 0.95679012345679 + 1.0 + 0.9511599511599511 + 0.9574074074074075 + 0.9276667972320146 + 0.9090909090909091 + 1.0
 
Accuracy: 7.57154 / 8
Precision: 7.77649 / 8
Recall: 7.57154 / 8
F1 Score: 7.64655 / 8

Accuracy: 0.9464425
Precision: 0.97206125
Recall: 0.9464425
F1 Score: 0.95581875
