Accuracy: 0.9642857142857143
Precision: 1.0
Recall: 0.9642857142857143
F1 Score: 0.9807692307692307

