Accuracy: 0.9738095238095238
Precision: 1.0
Recall: 0.9738095238095238
F1 Score: 0.9863398692810458