Accuracy: 0.9880478087649402
Precision: 0.9918221849444327
Recall: 0.9880478087649402
F1 Score: 0.9891224742971846